rotated CNN on a rotated dataset
accuracy 98.96%
precision 0.990	recall 0.990
[[ 976    1    0    0    0    0    0    2    1    0]
 [   0 1130    1    2    0    0    0    1    1    0]
 [   1    0 1025    0    0    0    0    6    0    0]
 [   0    0    1 1005    0    2    0    1    1    0]
 [   0    0    0    0  968    0    3    0    0   11]
 [   0    0    0    5    0  885    1    1    0    0]
 [  11    4    0    1    1    5  936    0    0    0]
 [   0    4    6    1    1    0    0 1015    0    1]
 [   1    0    5    1    2    1    0    0  960    4]
 [   3    0    1    0    2    4    0    3    0  996]]

rotated CNN on a normal dataset
accuracy 18.70%
precision 0.187	recall 0.187
[[906   0   6  19   0   7   6   3  26   7]
 [  0   9 313   0 663   1   0 149   0   0]
 [178  10 316   0 393   0  75  14  45   1]
 [113  15 285   1 392  12 161   0  29   2]
 [ 14   8 427   1  64 240  22  15 189   2]
 [ 84   8   5   5 214 119  63  52   0 342]
 [155   0  28   1  19 547  27   9 130  42]
 [ 51   4 325   7 571   3   6  29  16  16]
 [ 96   1 385   4 145  10  41  70 213   9]
 [257   0 147  12  91 168  56  26  66 186]]

retrained CNN a) on a normal test dataset
accuracy 82.03%
precision 0.820	recall 0.820
[[ 931    0    4    0    2    3   20    6    3   11]
 [   0 1121    6    1    0    1    0    4    2    0]
 [  12   15  940   22    2    0    2   28   10    1]
 [  10    4   50  844   11   13    1   53   11   13]
 [   2  101   34    7  715    3   37    6   45   32]
 [  18    1    1   39   11  750   16    5    6   45]
 [  70   10    9    1   60   30  740    2    6   30]
 [   5   45   42    5    2    5    1  885   15   23]
 [  51   75   59  100   32   20   27   29  534   47]
 [  50    9    4   16   28   38   63   26   32  743]]

retrained CNN b) on a normal test dataset
accuracy 98.98%
precision 0.990	recall 0.990
[[ 972    0    0    0    1    1    4    2    0    0]
 [   0 1133    0    0    0    1    1    0    0    0]
 [   2    0 1025    0    0    0    1    4    0    0]
 [   0    0    1 1003    0    2    0    2    2    0]
 [   0    0    0    0  973    0    1    1    0    7]
 [   2    0    0    5    0  879    3    1    1    1]
 [   4    2    0    0    4    4  943    0    1    0]
 [   0    3    4    0    0    0    0 1019    0    2]
 [   1    0    1    3    0    0    1    2  961    5]
 [   2    0    0    0    9    3    0    3    2  990]]

retrained CNN c) on a normal test dataset
accuracy 99.28%
precision 0.993	recall 0.993
[[ 975    0    1    0    0    1    2    1    0    0]
 [   1 1132    0    0    0    0    1    1    0    0]
 [   0    0 1031    0    0    0    0    1    0    0]
 [   0    0    0 1004    0    4    1    0    1    0]
 [   0    0    0    0  973    0    1    0    0    8]
 [   1    0    1    3    0  885    1    0    0    1]
 [   4    1    2    0    2    1  946    0    2    0]
 [   0    3    6    0    0    0    0 1019    0    0]
 [   1    0    1    1    0    3    0    0  967    1]
 [   0    0    0    0    4    2    0    3    4  996]]

